ES,+34 61 03 94 35,8,2025-06-14T22:50:00
ES,+34 62 94 13 86,24,2025-06-14T22:28:01
ES,+34 61 75 54 04,1,2025-06-14T22:58:51
ES,+34 63 29 64 77,1,2025-06-14T22:26:56
ES,+34 63 91 83 89,18,2025-06-14T22:36:36
ES,+34 63 57 75 35,1,2025-06-14T22:13:26
ES,+34 62 89 54 43,9,2025-06-14T22:54:38
ES,+34 63 97 43 13,3,2025-06-14T22:39:18
ES,+34 61 45 44 77,9,2025-06-14T22:10:09
ES,+34 60 93 58 68,4,2025-06-14T22:39:24
ES,+34 61 70 37 80,20,2025-06-14T22:06:25
ES,+34 65 73 24 90,3,2025-06-14T23:02:07
ES,+34 63 98 37 10,8,2025-06-14T22:06:05
ES,+34 61 48 35 58,21,2025-06-14T22:08:18
ES,+34 65 20 47 45,7,2025-06-14T22:19:29
ES,+34 64 89 87 82,3,2025-06-14T22:23:39
ES,+34 62 68 93 31,6,2025-06-14T22:33:41
ES,+34 66 34 81 88,18,2025-06-14T22:50:15
ES,+34 65 98 99 07,8,2025-06-14T22:09:08
ES,+34 60 40 51 34,3,2025-06-14T22:50:50
ES,+34 69 91 40 27,21,2025-06-14T22:31:10
ES,+34 66 82 58 18,9,2025-06-14T22:55:43
ES,+34 63 95 71 68,9,2025-06-14T22:14:15
ES,+34 69 54 74 51,12,2025-06-14T22:50:16
ES,+34 62 65 63 11,25,2025-06-14T23:02:02
ES,+34 61 19 80 20,22,2025-06-14T22:36:25
ES,+34 69 08 49 48,20,2025-06-14T22:33:17
ES,+34 68 32 70 01,22,2025-06-14T22:16:02
ES,+34 61 87 68 96,9,2025-06-14T22:12:46
ES,+34 65 14 37 55,6,2025-06-14T22:34:16
ES,+34 60 92 92 33,17,2025-06-14T22:13:14
ES,+34 62 64 13 80,10,2025-06-14T22:07:47
ES,+34 68 77 25 19,12,2025-06-14T22:13:11
ES,+34 62 69 99 67,1,2025-06-14T22:24:21
ES,+34 65 62 02 14,12,2025-06-14T22:05:15
ES,+34 64 30 07 30,19,2025-06-14T22:59:52
ES,+34 61 93 62 08,25,2025-06-14T22:28:53
ES,+34 62 16 84 60,18,2025-06-14T22:53:58
ES,+34 64 67 77 54,7,2025-06-14T22:28:26
ES,+34 63 91 39 51,22,2025-06-14T22:20:53
ES,+34 65 56 66 57,4,2025-06-14T22:48:19
ES,+34 63 08 43 02,19,2025-06-14T22:27:26
ES,+34 63 75 28 00,3,2025-06-14T22:16:55
ES,+34 60 29 08 04,11,2025-06-14T23:00:24
ES,+34 68 30 35 85,16,2025-06-14T22:50:37
ES,+34 68 16 92 73,19,2025-06-14T22:32:58
ES,+34 63 60 52 24,4,2025-06-14T22:58:37
ES,+34 66 45 54 52,15,2025-06-14T22:06:16
ES,+34 60 86 83 82,4,2025-06-14T23:01:06
ES,+34 66 93 43 13,8,2025-06-14T22:52:10
ES,+34 63 68 57 17,14,2025-06-14T22:52:43
ES,+34 64 59 31 09,15,2025-06-14T22:10:05
ES,+34 68 12 06 83,18,2025-06-14T22:08:10
ES,+34 60 11 96 30,6,2025-06-14T22:37:30
ES,+34 67 61 27 51,2,2025-06-14T22:54:00
ES,+34 66 00 49 33,15,2025-06-14T22:45:46
ES,+34 66 89 93 71,22,2025-06-14T22:16:12
ES,+34 67 19 24 37,7,2025-06-14T23:01:15
ES,+34 69 94 69 07,24,2025-06-14T22:43:50
ES,+34 60 06 74 61,17,2025-06-14T22:07:02
ES,+34 68 20 07 65,3,2025-06-14T22:07:07
ES,+34 62 08 76 08,22,2025-06-14T22:06:24
ES,+34 63 51 15 72,8,2025-06-14T22:25:43
ES,+34 69 05 79 10,14,2025-06-14T22:20:22
ES,+34 69 72 66 40,9,2025-06-14T22:51:18
ES,+34 65 30 33 50,5,2025-06-14T22:19:23
ES,+34 64 58 40 96,3,2025-06-14T23:04:36
ES,+34 67 79 72 12,3,2025-06-14T22:28:32
ES,+34 63 64 33 16,12,2025-06-14T23:00:33
ES,+34 63 47 36 20,15,2025-06-14T22:08:19
ES,+34 68 90 38 78,21,2025-06-14T22:29:08
ES,+34 60 85 70 38,22,2025-06-14T22:58:10
ES,+34 62 33 14 13,24,2025-06-14T22:27:28
ES,+34 62 34 36 77,7,2025-06-14T22:16:15
ES,+34 65 26 87 81,9,2025-06-14T22:30:44
ES,+34 67 32 06 11,21,2025-06-14T22:36:20
ES,+34 64 05 00 42,25,2025-06-14T22:56:19
ES,+34 64 20 94 56,18,2025-06-14T22:17:04
ES,+34 66 71 01 14,3,2025-06-14T22:18:04
ES,+34 62 69 04 47,19,2025-06-14T22:27:31
ES,+34 62 55 16 05,10,2025-06-14T22:40:21
ES,+34 60 45 26 87,8,2025-06-14T22:19:43
ES,+34 61 45 99 71,14,2025-06-14T22:22:52
ES,+34 62 30 20 22,14,2025-06-14T23:03:33
ES,+34 62 94 42 52,22,2025-06-14T22:06:15
ES,+34 63 34 20 89,4,2025-06-14T22:39:08
ES,+34 60 60 28 25,15,2025-06-14T22:41:22
ES,+34 64 29 28 03,22,2025-06-14T22:52:03
ES,+34 66 42 35 08,25,2025-06-14T22:46:11
ES,+34 65 82 65 51,22,2025-06-14T22:07:39
ES,+34 68 42 03 14,9,2025-06-14T22:53:03
ES,+34 69 33 04 13,20,2025-06-14T22:35:35
ES,+34 65 93 40 55,20,2025-06-14T22:30:20
ES,+34 61 49 73 24,9,2025-06-14T23:02:13
ES,+34 66 00 66 68,22,2025-06-14T22:16:08
ES,+34 63 46 55 08,22,2025-06-14T22:42:42
ES,+34 69 40 84 15,24,2025-06-14T22:44:44
ES,+34 68 39 85 52,11,2025-06-14T22:37:46
ES,+34 64 70 16 24,14,2025-06-14T22:19:51
ES,+34 66 86 95 22,20,2025-06-14T22:26:23
ES,+34 64 51 70 00,10,2025-06-14T22:45:39
ES,+34 63 55 74 77,21,2025-06-14T22:43:15
ES,+34 67 56 56 86,7,2025-06-14T22:30:21
ES,+34 67 94 21 84,3,2025-06-14T22:45:52
ES,+34 68 84 81 79,11,2025-06-14T22:58:52
ES,+34 63 86 39 28,7,2025-06-14T22:55:11
ES,+34 60 05 31 60,20,2025-06-14T22:07:14
ES,+34 61 58 53 80,19,2025-06-14T22:51:58
ES,+34 66 63 51 31,5,2025-06-14T22:20:27
ES,+34 60 96 98 13,25,2025-06-14T22:36:13
ES,+34 63 22 89 66,15,2025-06-14T23:01:49
ES,+34 68 31 15 58,5,2025-06-14T22:10:32
ES,+34 67 85 67 71,20,2025-06-14T22:43:35
ES,+34 67 78 92 64,14,2025-06-14T22:08:32
ES,+34 68 57 20 95,16,2025-06-14T22:34:31
ES,+34 64 96 31 81,9,2025-06-14T22:12:58
ES,+34 68 62 80 30,9,2025-06-14T22:35:13
ES,+34 61 91 36 30,9,2025-06-14T22:42:19
ES,+34 65 69 10 17,5,2025-06-14T22:49:27
ES,+34 66 88 19 90,7,2025-06-14T23:00:51
ES,+34 66 52 42 69,15,2025-06-14T22:36:51
ES,+34 60 26 53 49,25,2025-06-14T22:25:22
ES,+34 60 97 73 48,16,2025-06-14T23:04:50
ES,+34 65 38 96 49,14,2025-06-14T22:28:30
ES,+34 68 77 28 62,8,2025-06-14T22:46:37
ES,+34 66 62 03 49,11,2025-06-14T22:19:35
ES,+34 66 92 21 59,5,2025-06-14T22:22:46
ES,+34 68 03 50 75,19,2025-06-14T22:19:59
ES,+34 60 10 82 54,5,2025-06-14T22:06:04
ES,+34 67 23 06 33,13,2025-06-14T22:42:54
ES,+34 63 58 41 43,25,2025-06-14T22:39:22
ES,+34 64 96 53 32,3,2025-06-14T22:33:08
ES,+34 60 95 69 06,12,2025-06-14T22:49:56
ES,+34 61 99 83 05,25,2025-06-14T23:03:07
ES,+34 63 25 02 79,5,2025-06-14T22:48:57
ES,+34 62 60 85 14,19,2025-06-14T22:50:22
ES,+34 67 89 32 98,12,2025-06-14T22:53:47
ES,+34 69 77 95 91,4,2025-06-14T22:12:09
ES,+34 62 39 13 74,1,2025-06-14T22:43:57
ES,+34 69 86 48 50,23,2025-06-14T22:51:42
ES,+34 61 75 88 80,8,2025-06-14T22:58:17
ES,+34 64 87 76 15,19,2025-06-14T22:11:49
ES,+34 60 44 68 54,22,2025-06-14T22:39:57
ES,+34 61 64 82 43,1,2025-06-14T22:07:15
ES,+34 66 62 13 55,12,2025-06-14T22:21:51
ES,+34 67 90 19 55,6,2025-06-14T22:15:09
ES,+34 68 83 34 78,18,2025-06-14T22:12:22
ES,+34 67 59 55 93,19,2025-06-14T22:46:55
ES,+34 65 31 11 35,15,2025-06-14T22:48:36
ES,+34 67 72 78 85,13,2025-06-14T22:42:17
ES,+34 60 63 41 23,16,2025-06-14T22:50:46
ES,+34 65 33 43 35,20,2025-06-14T22:17:22
ES,+34 64 71 01 66,7,2025-06-14T22:59:24
ES,+34 63 92 52 62,18,2025-06-14T22:13:29
ES,+34 63 88 60 82,23,2025-06-14T22:31:44
ES,+34 67 02 11 37,8,2025-06-14T22:37:38
ES,+34 63 39 84 74,12,2025-06-14T22:32:56
ES,+34 68 67 44 54,24,2025-06-14T22:27:40
ES,+34 65 45 89 58,9,2025-06-14T22:44:19
ES,+34 64 29 15 92,7,2025-06-14T22:43:42
ES,+34 61 95 68 97,23,2025-06-14T22:52:36
ES,+34 63 27 94 61,9,2025-06-14T22:15:47
ES,+34 69 97 67 76,10,2025-06-14T22:58:23
ES,+34 63 37 29 46,6,2025-06-14T22:44:36
ES,+34 60 90 68 16,9,2025-06-14T23:02:08
ES,+34 60 70 37 89,5,2025-06-14T22:21:42
ES,+34 67 13 01 73,10,2025-06-14T22:33:12
ES,+34 67 56 43 23,2,2025-06-14T22:48:00
ES,+34 67 14 08 51,16,2025-06-14T23:00:11
ES,+34 69 80 87 06,5,2025-06-14T22:55:03
ES,+34 69 38 10 31,4,2025-06-14T22:27:09
ES,+34 66 77 76 79,8,2025-06-14T22:12:17
ES,+34 68 48 57 56,10,2025-06-14T22:06:31
ES,+34 69 54 39 72,20,2025-06-14T23:01:08
ES,+34 69 94 12 97,7,2025-06-14T22:22:32
ES,+34 63 33 84 10,6,2025-06-14T22:48:52
ES,+34 62 70 09 20,1,2025-06-14T22:37:21
ES,+34 67 88 76 60,10,2025-06-14T23:03:01
ES,+34 63 36 90 36,23,2025-06-14T22:06:34
ES,+34 67 09 87 29,9,2025-06-14T22:11:28
ES,+34 69 84 25 54,4,2025-06-14T22:28:04
ES,+34 63 82 19 34,5,2025-06-14T23:00:22
ES,+34 60 21 39 76,24,2025-06-14T22:08:58
ES,+34 69 36 56 15,15,2025-06-14T22:18:14
ES,+34 64 89 51 34,17,2025-06-14T22:28:23
ES,+34 67 56 10 76,2,2025-06-14T22:35:45
ES,+34 65 77 32 03,3,2025-06-14T22:49:37
ES,+34 69 75 02 97,22,2025-06-14T22:09:10
ES,+34 64 73 05 97,25,2025-06-14T22:53:17
ES,+34 67 66 83 56,9,2025-06-14T22:52:51
ES,+34 69 55 81 62,3,2025-06-14T22:33:09
ES,+34 65 52 42 41,22,2025-06-14T22:58:06
ES,+34 62 42 52 88,16,2025-06-14T22:45:34
ES,+34 66 97 70 04,15,2025-06-14T22:59:14
ES,+34 65 32 41 14,25,2025-06-14T22:37:39
ES,+34 68 00 84 69,15,2025-06-14T22:37:02
ES,+34 60 24 66 46,20,2025-06-14T22:13:36
ES,+34 67 80 56 97,2,2025-06-14T22:51:21
ES,+34 64 70 16 36,15,2025-06-14T22:17:34
ES,+34 67 15 03 80,20,2025-06-14T22:10:41
ES,+34 63 90 20 39,18,2025-06-14T23:04:18
ES,+34 68 52 11 28,4,2025-06-14T22:33:44
ES,+34 61 82 19 63,23,2025-06-14T22:45:19
ES,+34 68 90 34 53,16,2025-06-14T22:33:00
ES,+34 63 58 70 18,13,2025-06-14T22:52:14
ES,+34 69 65 95 17,3,2025-06-14T22:46:23
ES,+34 66 43 64 34,1,2025-06-14T22:45:56
ES,+34 64 75 74 84,16,2025-06-14T22:06:10
ES,+34 62 57 68 61,12,2025-06-14T22:42:33
ES,+34 68 97 69 48,15,2025-06-14T22:43:16
ES,+34 63 89 30 73,13,2025-06-14T22:49:18
ES,+34 66 05 40 95,16,2025-06-14T22:17:06
ES,+34 66 49 84 83,5,2025-06-14T22:31:26
ES,+34 60 16 64 75,11,2025-06-14T22:05:52
ES,+34 61 56 12 67,15,2025-06-14T23:04:12
ES,+34 62 52 83 19,3,2025-06-14T22:33:11
ES,+34 64 43 79 88,13,2025-06-14T22:20:53
ES,+34 61 42 86 68,13,2025-06-14T22:43:37
ES,+34 67 69 04 79,3,2025-06-14T22:49:13
ES,+34 64 29 95 11,14,2025-06-14T22:58:31
ES,+34 61 56 21 88,10,2025-06-14T23:03:16
ES,+34 60 41 07 37,12,2025-06-14T22:39:39
ES,+34 66 18 31 67,14,2025-06-14T22:26:36
ES,+34 62 21 22 10,20,2025-06-14T22:05:48
ES,+34 66 79 87 30,16,2025-06-14T22:25:26
ES,+34 62 29 59 81,9,2025-06-14T22:33:52
ES,+34 64 85 01 59,10,2025-06-14T22:18:59
ES,+34 68 20 09 56,12,2025-06-14T22:25:08
ES,+34 64 81 54 88,9,2025-06-14T22:34:03
ES,+34 64 25 49 61,4,2025-06-14T22:49:03
ES,+34 66 73 45 73,10,2025-06-14T22:17:30
ES,+34 64 02 84 50,9,2025-06-14T23:04:41
ES,+34 69 87 99 95,2,2025-06-14T22:23:51
ES,+34 67 36 99 29,20,2025-06-14T22:10:30
ES,+34 65 28 81 24,20,2025-06-14T22:48:08
ES,+34 62 80 12 80,21,2025-06-14T23:02:33
ES,+34 64 56 04 74,12,2025-06-14T22:15:15
ES,+34 62 11 37 41,24,2025-06-14T22:36:53
ES,+34 62 25 16 69,12,2025-06-14T22:29:00
ES,+34 68 34 21 32,16,2025-06-14T22:10:11
ES,+34 64 95 43 14,15,2025-06-14T23:00:06
ES,+34 62 96 28 86,24,2025-06-14T22:19:12
ES,+34 66 71 46 11,13,2025-06-14T23:04:17
ES,+34 64 68 15 58,12,2025-06-14T22:19:19
ES,+34 64 74 48 81,12,2025-06-14T22:57:51
ES,+34 63 60 03 79,18,2025-06-14T22:42:51
ES,+34 69 28 82 08,21,2025-06-14T22:09:00
ES,+34 67 89 38 83,14,2025-06-14T22:57:17
ES,+34 62 05 04 38,16,2025-06-14T22:57:19
ES,+34 61 30 68 17,13,2025-06-14T22:34:16
ES,+34 65 85 95 89,18,2025-06-14T22:36:38
ES,+34 69 95 93 19,14,2025-06-14T22:20:32
ES,+34 61 62 78 52,9,2025-06-14T23:03:00
ES,+34 65 27 56 56,8,2025-06-14T22:06:51
ES,+34 65 12 87 47,18,2025-06-14T22:21:13
ES,+34 65 07 50 35,7,2025-06-14T22:56:54
ES,+34 67 11 84 27,21,2025-06-14T22:21:35
ES,+34 69 02 06 42,8,2025-06-14T22:56:39
ES,+34 69 26 08 97,18,2025-06-14T22:51:06
ES,+34 69 27 29 42,25,2025-06-14T22:55:10
ES,+34 69 00 35 18,5,2025-06-14T22:28:22
ES,+34 64 22 14 84,1,2025-06-14T22:56:15
ES,+34 60 45 30 75,11,2025-06-14T23:04:10
ES,+34 62 33 06 16,24,2025-06-14T22:36:30
ES,+34 68 14 95 08,16,2025-06-14T22:34:38
ES,+34 65 65 75 13,15,2025-06-14T22:30:51
ES,+34 63 78 05 93,22,2025-06-14T22:29:39
ES,+34 64 58 82 03,2,2025-06-14T22:32:33
ES,+34 66 54 87 13,16,2025-06-14T22:16:37
ES,+34 67 09 10 41,20,2025-06-14T22:55:07
ES,+34 61 16 35 79,21,2025-06-14T22:25:17
ES,+34 68 91 41 48,20,2025-06-14T22:29:01
ES,+34 64 58 64 77,14,2025-06-14T22:58:28
ES,+34 61 83 83 98,18,2025-06-14T22:16:02
ES,+34 63 55 57 29,14,2025-06-14T22:42:06
ES,+34 67 51 53 93,4,2025-06-14T22:43:54
ES,+34 66 40 85 32,12,2025-06-14T22:54:49
ES,+34 67 08 11 10,3,2025-06-14T22:35:46
ES,+34 61 95 94 47,5,2025-06-14T22:27:16
ES,+34 60 75 71 71,11,2025-06-14T22:19:30
ES,+34 61 52 45 85,25,2025-06-14T22:36:22
ES,+34 60 36 76 39,12,2025-06-14T22:58:10
ES,+34 69 64 27 19,22,2025-06-14T22:32:19
ES,+34 63 13 44 71,12,2025-06-14T22:57:24
ES,+34 64 73 28 54,18,2025-06-14T22:12:51
ES,+34 69 78 86 82,18,2025-06-14T23:03:27
ES,+34 69 84 88 34,1,2025-06-14T22:52:56
ES,+34 64 89 97 39,11,2025-06-14T22:41:17
ES,+34 60 23 18 72,22,2025-06-14T22:37:53
ES,+34 61 18 94 81,1,2025-06-14T22:58:59
ES,+34 68 27 48 53,15,2025-06-14T22:41:58
ES,+34 62 47 39 92,11,2025-06-14T22:12:13
ES,+34 69 76 10 06,5,2025-06-14T22:54:30
ES,+34 69 06 86 10,9,2025-06-14T22:35:00
ES,+34 66 62 77 56,14,2025-06-14T22:46:36
ES,+34 63 96 65 14,12,2025-06-14T22:35:54
ES,+34 61 36 86 86,19,2025-06-14T22:32:01
ES,+34 68 85 39 05,8,2025-06-14T22:38:16
ES,+34 69 07 00 26,10,2025-06-14T22:50:49
ES,+34 62 97 32 37,11,2025-06-14T22:57:03
ES,+34 60 63 95 55,6,2025-06-14T22:56:25
ES,+34 66 68 90 29,17,2025-06-14T22:27:06
ES,+34 65 09 50 94,2,2025-06-14T22:35:28
ES,+34 60 58 09 40,19,2025-06-14T22:35:56
ES,+34 69 51 90 81,14,2025-06-14T22:45:29
ES,+34 61 51 02 41,6,2025-06-14T22:10:32
ES,+34 69 58 88 46,3,2025-06-14T22:35:26
ES,+34 61 31 55 75,13,2025-06-14T22:29:28
ES,+34 61 50 39 95,11,2025-06-14T22:50:07
ES,+34 65 99 21 09,17,2025-06-14T22:22:01
ES,+34 61 67 65 24,25,2025-06-14T22:41:23
ES,+34 65 93 82 18,8,2025-06-14T22:58:13
ES,+34 62 32 25 22,20,2025-06-14T22:54:48
ES,+34 61 22 98 80,16,2025-06-14T22:33:34
ES,+34 69 97 74 57,22,2025-06-14T22:26:42
ES,+34 69 41 80 40,5,2025-06-14T22:35:13
ES,+34 61 60 56 80,10,2025-06-14T22:10:53
ES,+34 64 75 07 45,17,2025-06-14T23:00:11
ES,+34 64 59 57 04,2,2025-06-14T22:40:04
ES,+34 64 09 82 11,20,2025-06-14T22:24:41
ES,+34 68 49 59 74,18,2025-06-14T22:11:11
ES,+34 60 57 73 83,7,2025-06-14T22:43:18
ES,+34 69 60 64 19,2,2025-06-14T22:34:29
ES,+34 61 43 91 10,17,2025-06-14T22:21:08
ES,+34 62 05 31 90,15,2025-06-14T22:35:15
ES,+34 68 66 78 20,12,2025-06-14T22:39:47
ES,+34 64 49 52 99,11,2025-06-14T22:18:54
ES,+34 69 06 80 82,11,2025-06-14T23:00:45
ES,+34 65 12 71 86,13,2025-06-14T22:45:51
ES,+34 64 92 84 77,5,2025-06-14T22:42:29
ES,+34 61 74 84 18,12,2025-06-14T22:44:04
ES,+34 66 16 76 90,3,2025-06-14T22:44:06
ES,+34 68 48 82 42,5,2025-06-14T22:19:30
ES,+34 68 11 82 85,14,2025-06-14T22:30:32
ES,+34 65 02 46 39,6,2025-06-14T22:50:37
ES,+34 65 98 62 24,8,2025-06-14T22:55:51
ES,+34 62 09 37 12,17,2025-06-14T22:12:37
ES,+34 68 94 67 04,22,2025-06-14T22:42:15
ES,+34 69 16 76 48,5,2025-06-14T22:54:10
ES,+34 62 88 98 79,6,2025-06-14T22:16:01
ES,+34 67 05 52 46,22,2025-06-14T22:16:07
ES,+34 63 56 78 36,25,2025-06-14T22:14:08
ES,+34 67 29 68 30,10,2025-06-14T22:10:02
ES,+34 67 24 47 86,19,2025-06-14T22:35:10
ES,+34 67 98 36 99,13,2025-06-14T22:30:55
ES,+34 68 53 20 25,20,2025-06-14T22:55:48
ES,+34 64 06 82 61,12,2025-06-14T22:27:23
ES,+34 61 91 66 15,10,2025-06-14T22:59:31
ES,+34 62 34 57 65,5,2025-06-14T22:08:31
ES,+34 66 11 28 57,12,2025-06-14T23:03:25
ES,+34 66 06 50 64,12,2025-06-14T22:49:09
ES,+34 66 10 47 28,1,2025-06-14T22:43:29
ES,+34 61 91 83 42,5,2025-06-14T22:55:51
ES,+34 60 36 60 89,5,2025-06-14T22:13:26
ES,+34 67 57 78 00,3,2025-06-14T23:03:57
ES,+34 64 27 19 70,24,2025-06-14T22:23:41
ES,+34 68 54 14 99,10,2025-06-14T22:49:01
ES,+34 64 15 06 30,14,2025-06-14T22:21:37
ES,+34 69 58 08 14,16,2025-06-14T22:24:30
ES,+34 68 02 80 65,19,2025-06-14T22:48:44
ES,+34 62 37 54 00,20,2025-06-14T22:41:09
ES,+34 63 73 53 23,22,2025-06-14T22:19:37
ES,+34 61 67 46 08,17,2025-06-14T22:28:06
ES,+34 68 64 70 02,13,2025-06-14T22:05:37
ES,+34 67 05 81 49,12,2025-06-14T22:47:56
ES,+34 60 45 08 44,8,2025-06-14T22:15:12
ES,+34 61 98 74 94,25,2025-06-14T22:42:33
ES,+34 62 05 45 69,11,2025-06-14T22:09:42
ES,+34 62 99 87 59,23,2025-06-14T22:32:34
ES,+34 62 17 08 91,25,2025-06-14T22:34:00
ES,+34 60 37 25 05,7,2025-06-14T23:02:23
ES,+34 65 39 65 50,18,2025-06-14T22:32:55
ES,+34 64 04 96 82,7,2025-06-14T22:45:43
ES,+34 65 99 06 83,11,2025-06-14T22:46:35
ES,+34 61 47 55 51,24,2025-06-14T22:35:13
ES,+34 66 43 23 63,23,2025-06-14T22:31:17
ES,+34 65 66 34 10,24,2025-06-14T22:36:16
ES,+34 61 55 77 23,18,2025-06-14T22:45:11
ES,+34 65 13 10 41,22,2025-06-14T22:45:04
ES,+34 64 57 77 91,14,2025-06-14T22:53:52
ES,+34 67 44 57 05,24,2025-06-14T22:05:51
ES,+34 65 78 55 35,21,2025-06-14T22:11:13
ES,+34 60 09 85 81,13,2025-06-14T22:40:26
ES,+34 68 95 86 20,1,2025-06-14T22:55:30
ES,+34 69 86 56 04,5,2025-06-14T23:00:39
ES,+34 63 99 82 46,12,2025-06-14T22:39:06
ES,+34 69 04 77 19,22,2025-06-14T22:34:32
ES,+34 65 47 56 97,3,2025-06-14T22:26:04
ES,+34 62 67 46 50,11,2025-06-14T22:20:54
ES,+34 64 31 14 03,24,2025-06-14T22:52:32
ES,+34 67 66 49 71,4,2025-06-14T22:47:22
ES,+34 64 90 57 27,20,2025-06-14T22:45:45
ES,+34 67 25 15 17,3,2025-06-14T22:34:23
ES,+34 62 91 56 11,22,2025-06-14T22:07:31
ES,+34 65 85 44 90,3,2025-06-14T22:27:42
ES,+34 68 37 38 20,23,2025-06-14T22:16:48
ES,+34 62 46 65 28,4,2025-06-14T22:51:31
ES,+34 62 30 63 03,12,2025-06-14T22:27:25
ES,+34 69 47 59 70,5,2025-06-14T22:23:28
ES,+34 61 08 39 50,23,2025-06-14T22:16:10
ES,+34 67 67 52 98,14,2025-06-14T22:09:02
ES,+34 69 09 16 40,21,2025-06-14T23:00:11
ES,+34 67 59 87 66,12,2025-06-14T22:56:29
ES,+34 68 81 75 23,25,2025-06-14T22:56:26
ES,+34 66 64 07 15,17,2025-06-14T22:54:48
ES,+34 64 21 20 41,23,2025-06-14T22:49:51
ES,+34 65 66 36 10,9,2025-06-14T22:51:50
ES,+34 68 35 16 80,10,2025-06-14T22:23:18
ES,+34 68 11 64 82,6,2025-06-14T22:24:50
ES,+34 69 19 21 84,20,2025-06-14T22:16:03
ES,+34 69 43 72 05,1,2025-06-14T22:59:42
ES,+34 60 82 98 73,9,2025-06-14T22:20:47
ES,+34 63 98 73 53,20,2025-06-14T22:21:37
ES,+34 60 63 80 69,10,2025-06-14T22:21:25
ES,+34 64 61 31 87,13,2025-06-14T22:44:56
ES,+34 67 09 88 07,6,2025-06-14T22:35:14
ES,+34 66 61 59 26,11,2025-06-14T22:23:50
ES,+34 62 40 91 40,24,2025-06-14T22:06:29
ES,+34 65 51 16 97,12,2025-06-14T22:30:05
ES,+34 68 13 40 30,15,2025-06-14T22:56:53
ES,+34 64 57 31 18,4,2025-06-14T23:01:47
ES,+34 64 49 78 53,8,2025-06-14T22:06:10
ES,+34 62 41 73 92,11,2025-06-14T22:52:17
ES,+34 62 63 65 59,16,2025-06-14T22:05:14
ES,+34 64 63 02 11,13,2025-06-14T22:30:44
ES,+34 67 30 27 74,12,2025-06-14T23:01:55
ES,+34 60 36 63 76,21,2025-06-14T22:19:20
ES,+34 67 36 68 01,4,2025-06-14T22:35:49
ES,+34 62 33 93 46,25,2025-06-14T22:37:43
ES,+34 65 05 51 06,19,2025-06-14T22:26:53
ES,+34 63 46 70 36,3,2025-06-14T22:38:52
ES,+34 68 57 97 70,9,2025-06-14T22:08:54
ES,+34 69 87 78 15,5,2025-06-14T22:58:38
ES,+34 66 47 43 71,12,2025-06-14T22:13:42
ES,+34 62 25 77 65,13,2025-06-14T22:31:06
ES,+34 60 05 04 17,23,2025-06-14T22:42:30
ES,+34 67 66 58 19,20,2025-06-14T22:30:03
ES,+34 62 41 78 40,6,2025-06-14T22:38:25
ES,+34 69 94 38 75,11,2025-06-14T22:30:37
ES,+34 68 68 62 90,19,2025-06-14T22:44:47
ES,+34 67 02 47 42,22,2025-06-14T22:57:46
ES,+34 66 74 39 92,23,2025-06-14T22:22:17
ES,+34 60 76 60 33,21,2025-06-14T22:11:48
ES,+34 69 73 29 92,2,2025-06-14T22:25:24
ES,+34 67 21 67 80,24,2025-06-14T22:22:56
ES,+34 66 18 87 31,2,2025-06-14T22:26:09
ES,+34 61 24 02 56,11,2025-06-14T22:36:39
ES,+34 62 52 88 26,14,2025-06-14T22:30:59
ES,+34 69 60 94 93,2,2025-06-14T22:17:04
ES,+34 62 66 26 71,11,2025-06-14T22:20:02
ES,+34 67 67 48 40,6,2025-06-14T22:33:52
ES,+34 68 43 69 45,22,2025-06-14T22:12:32
ES,+34 64 78 61 24,8,2025-06-14T22:46:12
ES,+34 68 38 28 38,25,2025-06-14T22:45:31
ES,+34 63 88 90 62,11,2025-06-14T22:32:29
ES,+34 65 71 92 35,10,2025-06-14T22:56:55
ES,+34 69 86 69 48,13,2025-06-14T22:09:22
ES,+34 65 98 18 37,2,2025-06-14T22:45:36
ES,+34 61 44 56 83,9,2025-06-14T22:14:13
ES,+34 67 27 25 68,9,2025-06-14T22:26:52
ES,+34 64 17 13 78,24,2025-06-14T22:25:11
ES,+34 63 31 06 85,17,2025-06-14T22:49:50
ES,+34 63 06 12 52,11,2025-06-14T22:16:16
ES,+34 67 12 87 98,5,2025-06-14T23:04:53
ES,+34 68 20 52 83,16,2025-06-14T22:32:39
ES,+34 63 96 36 41,10,2025-06-14T22:21:09
ES,+34 60 98 11 83,19,2025-06-14T22:49:23
ES,+34 68 94 92 04,6,2025-06-14T22:36:43
ES,+34 62 04 50 63,6,2025-06-14T22:14:07
ES,+34 64 04 01 38,19,2025-06-14T22:24:06
ES,+34 61 42 36 58,21,2025-06-14T22:28:09
ES,+34 68 63 17 64,15,2025-06-14T22:46:37
ES,+34 63 14 42 20,24,2025-06-14T22:33:55
ES,+34 64 91 23 01,24,2025-06-14T22:42:14
ES,+34 64 72 86 96,7,2025-06-14T22:53:16
ES,+34 69 81 51 54,17,2025-06-14T22:42:51
ES,+34 61 51 85 12,6,2025-06-14T22:55:39
ES,+34 67 41 31 00,9,2025-06-14T22:39:03
ES,+34 63 57 96 34,11,2025-06-14T22:44:38
ES,+34 69 92 73 01,9,2025-06-14T22:20:37
ES,+34 65 88 30 07,22,2025-06-14T22:57:10
ES,+34 67 39 20 51,22,2025-06-14T22:30:56
ES,+34 64 88 15 81,10,2025-06-14T22:40:09
ES,+34 69 28 28 17,16,2025-06-14T22:54:47
ES,+34 67 95 77 47,14,2025-06-14T22:17:19
ES,+34 68 60 96 68,22,2025-06-14T22:08:53
ES,+34 63 97 31 87,25,2025-06-14T22:24:34
ES,+34 61 67 57 67,23,2025-06-14T22:40:33
ES,+34 61 72 14 07,18,2025-06-14T22:30:44
ES,+34 63 73 68 19,6,2025-06-14T22:42:51
ES,+34 68 56 14 87,7,2025-06-14T22:16:18
ES,+34 69 62 11 65,15,2025-06-14T22:10:02
ES,+34 60 58 16 65,14,2025-06-14T22:34:03
ES,+34 69 07 71 59,22,2025-06-14T22:10:09
ES,+34 64 92 02 50,9,2025-06-14T22:09:30
ES,+34 60 95 27 74,3,2025-06-14T23:02:09
ES,+34 66 44 89 08,18,2025-06-14T23:01:08
ES,+34 61 60 04 36,14,2025-06-14T22:52:57
ES,+34 62 98 82 93,21,2025-06-14T22:36:33
ES,+34 65 48 57 48,13,2025-06-14T22:59:46
ES,+34 68 17 83 44,4,2025-06-14T22:53:03
ES,+34 68 50 67 16,24,2025-06-14T22:50:02
ES,+34 60 96 02 38,15,2025-06-14T22:19:16
ES,+34 68 54 68 48,8,2025-06-14T22:48:21
ES,+34 67 44 19 35,7,2025-06-14T22:05:30
ES,+34 61 04 84 53,20,2025-06-14T22:12:57
ES,+34 60 30 26 08,4,2025-06-14T22:24:42
ES,+34 60 57 76 86,23,2025-06-14T22:05:42
ES,+34 60 31 94 05,13,2025-06-14T22:35:17
ES,+34 63 69 27 96,25,2025-06-14T23:01:23
ES,+34 62 64 37 29,24,2025-06-14T22:25:55
ES,+34 65 73 76 98,22,2025-06-14T22:09:22
ES,+34 65 30 38 18,22,2025-06-14T22:29:39
ES,+34 63 52 38 35,2,2025-06-14T22:27:14
ES,+34 69 94 22 80,22,2025-06-14T22:36:05
ES,+34 68 63 06 44,21,2025-06-14T22:19:25
ES,+34 66 67 40 89,14,2025-06-14T22:37:22
ES,+34 62 38 48 23,25,2025-06-14T22:28:31
ES,+34 67 30 28 38,23,2025-06-14T22:55:23
ES,+34 67 07 71 52,14,2025-06-14T22:27:12
ES,+34 68 17 49 31,9,2025-06-14T22:51:22
ES,+34 65 82 10 57,12,2025-06-14T22:58:56
ES,+34 68 92 24 06,9,2025-06-14T22:39:30
ES,+34 69 77 05 09,7,2025-06-14T22:10:19
ES,+34 69 92 85 71,7,2025-06-14T22:32:31
ES,+34 63 42 38 01,7,2025-06-14T22:52:16
ES,+34 61 95 96 61,8,2025-06-14T22:17:45
ES,+34 69 90 26 50,8,2025-06-14T22:27:33
ES,+34 65 99 36 48,15,2025-06-14T22:28:49
ES,+34 65 39 33 46,17,2025-06-14T22:31:18
ES,+34 67 12 92 60,25,2025-06-14T22:07:55
ES,+34 65 26 47 40,14,2025-06-14T23:02:07
ES,+34 69 28 94 18,1,2025-06-14T22:47:26
ES,+34 68 74 74 92,14,2025-06-14T22:45:05
ES,+34 62 25 42 29,13,2025-06-14T22:26:21
ES,+34 63 63 70 83,22,2025-06-14T22:42:12
ES,+34 64 97 62 92,21,2025-06-14T22:14:45
ES,+34 67 58 21 93,12,2025-06-14T22:53:41
ES,+34 62 92 69 62,6,2025-06-14T22:28:14
ES,+34 60 67 04 09,22,2025-06-14T23:01:56
ES,+34 60 52 17 80,8,2025-06-14T23:00:36
ES,+34 62 01 27 64,15,2025-06-14T22:39:46
ES,+34 60 79 81 85,20,2025-06-14T22:32:15
ES,+34 67 02 00 68,18,2025-06-14T22:37:10
ES,+34 60 02 67 92,9,2025-06-14T22:28:40
ES,+34 64 02 64 89,22,2025-06-14T22:35:51
ES,+34 62 13 12 67,5,2025-06-14T22:48:47
ES,+34 63 79 67 32,12,2025-06-14T22:47:00
ES,+34 66 10 47 51,15,2025-06-14T22:26:40
ES,+34 63 89 28 38,22,2025-06-14T22:08:43
ES,+34 61 83 83 97,2,2025-06-14T22:58:52
ES,+34 66 48 48 70,16,2025-06-14T23:01:25
ES,+34 60 89 21 10,16,2025-06-14T22:07:32
ES,+34 66 82 42 72,4,2025-06-14T22:29:11
ES,+34 60 29 27 88,19,2025-06-14T22:32:47
ES,+34 64 05 09 87,9,2025-06-14T22:28:10
ES,+34 69 84 04 22,11,2025-06-14T23:04:10
ES,+34 63 75 18 96,23,2025-06-14T22:09:12
ES,+34 66 09 38 20,19,2025-06-14T22:48:50
ES,+34 69 49 86 69,11,2025-06-14T22:39:02
ES,+34 62 88 92 10,17,2025-06-14T22:14:21
ES,+34 65 06 12 55,8,2025-06-14T22:07:59
ES,+34 61 43 77 98,20,2025-06-14T22:24:35
ES,+34 66 99 41 03,21,2025-06-14T22:46:35
ES,+34 67 62 29 45,18,2025-06-14T22:39:37
ES,+34 66 23 87 74,22,2025-06-14T22:39:18
ES,+34 61 98 79 37,8,2025-06-14T22:16:34
ES,+34 61 10 34 19,13,2025-06-14T22:16:39
ES,+34 62 94 49 40,12,2025-06-14T22:57:58
ES,+34 61 00 39 56,12,2025-06-14T22:13:16
ES,+34 64 13 16 11,6,2025-06-14T22:35:49
ES,+34 67 71 71 65,14,2025-06-14T22:58:11
ES,+34 60 11 45 70,3,2025-06-14T22:24:29
ES,+34 69 41 49 01,10,2025-06-14T22:37:00
ES,+34 66 99 10 92,18,2025-06-14T22:48:40
ES,+34 69 66 21 87,13,2025-06-14T22:53:40
ES,+34 62 34 38 34,16,2025-06-14T22:55:17
ES,+34 61 21 55 35,14,2025-06-14T22:44:47
ES,+34 67 09 46 32,8,2025-06-14T22:16:02
ES,+34 67 76 78 25,15,2025-06-14T22:57:56
ES,+34 62 38 00 50,11,2025-06-14T22:07:47
ES,+34 69 48 42 56,11,2025-06-14T22:35:51
ES,+34 69 17 38 41,20,2025-06-14T22:17:47
ES,+34 63 61 40 22,13,2025-06-14T22:43:27
ES,+34 64 94 88 81,16,2025-06-14T22:25:56
ES,+34 63 41 48 35,13,2025-06-14T22:40:19
ES,+34 61 72 25 75,18,2025-06-14T22:52:58
ES,+34 68 03 93 59,23,2025-06-14T22:50:56
ES,+34 67 37 88 08,14,2025-06-14T22:19:18
ES,+34 67 17 81 38,8,2025-06-14T22:48:00
ES,+34 62 91 54 48,3,2025-06-14T22:34:35
ES,+34 69 61 74 51,18,2025-06-14T22:30:39
ES,+34 66 69 04 46,23,2025-06-14T22:09:47
ES,+34 68 76 81 10,4,2025-06-14T22:12:45
ES,+34 63 84 85 45,6,2025-06-14T22:21:04
ES,+34 69 05 72 82,22,2025-06-14T22:21:05
ES,+34 66 96 42 55,4,2025-06-14T23:04:31
ES,+34 61 33 28 65,24,2025-06-14T22:29:50
ES,+34 68 74 88 73,8,2025-06-14T22:34:49
ES,+34 65 50 59 98,22,2025-06-14T22:25:04
ES,+34 68 19 44 03,16,2025-06-14T22:58:06
ES,+34 64 53 10 14,24,2025-06-14T22:55:34
ES,+34 65 39 43 58,7,2025-06-14T22:29:40
ES,+34 67 44 60 12,15,2025-06-14T22:15:57
ES,+34 67 40 08 38,2,2025-06-14T22:09:56
ES,+34 61 02 43 82,4,2025-06-14T22:19:01
ES,+34 62 94 31 66,6,2025-06-14T22:27:34
ES,+34 62 42 71 54,15,2025-06-14T22:49:25
ES,+34 66 80 23 23,21,2025-06-14T22:20:22
ES,+34 66 50 03 94,20,2025-06-14T22:51:46
ES,+34 67 75 54 49,1,2025-06-14T22:17:08
ES,+34 63 26 35 96,23,2025-06-14T22:10:02
ES,+34 61 73 13 68,6,2025-06-14T22:40:16
ES,+34 65 25 58 14,9,2025-06-14T22:19:27
ES,+34 67 67 81 40,20,2025-06-14T22:38:43
ES,+34 69 50 75 14,12,2025-06-14T22:41:13
ES,+34 67 79 22 86,23,2025-06-14T22:10:35
ES,+34 64 78 75 10,22,2025-06-14T22:56:06
ES,+34 65 15 30 39,4,2025-06-14T22:52:45
ES,+34 65 88 18 65,13,2025-06-14T22:36:41
ES,+34 69 17 73 49,14,2025-06-14T22:52:34
ES,+34 67 81 68 88,21,2025-06-14T22:53:25
ES,+34 68 21 62 36,5,2025-06-14T22:52:28
ES,+34 65 57 79 06,12,2025-06-14T23:04:35
ES,+34 67 17 24 49,18,2025-06-14T22:30:44
ES,+34 67 52 87 62,14,2025-06-14T22:16:46
ES,+34 67 62 21 10,19,2025-06-14T23:03:08
ES,+34 63 37 04 35,8,2025-06-14T22:28:32
ES,+34 64 21 99 58,19,2025-06-14T22:14:33
ES,+34 67 70 65 14,19,2025-06-14T22:57:27
ES,+34 64 99 69 46,18,2025-06-14T22:09:05
ES,+34 60 97 92 56,18,2025-06-14T22:50:19
ES,+34 66 13 94 83,25,2025-06-14T22:48:21
ES,+34 64 04 57 33,12,2025-06-14T22:06:23
ES,+34 61 56 15 99,8,2025-06-14T22:50:55
ES,+34 69 88 44 90,20,2025-06-14T22:22:03
ES,+34 66 21 78 17,7,2025-06-14T22:09:42
ES,+34 63 07 72 44,18,2025-06-14T22:46:03
ES,+34 69 68 21 41,23,2025-06-14T22:45:16
ES,+34 64 73 34 65,22,2025-06-14T22:09:36
ES,+34 61 17 96 52,2,2025-06-14T22:46:19
ES,+34 62 89 16 31,5,2025-06-14T22:16:41
ES,+34 65 31 97 86,13,2025-06-14T22:31:50
ES,+34 62 73 80 34,21,2025-06-14T22:36:58
ES,+34 66 57 09 81,25,2025-06-14T22:58:53
ES,+34 66 65 95 35,23,2025-06-14T22:05:21
ES,+34 65 58 62 41,19,2025-06-14T23:05:04
ES,+34 61 93 58 81,22,2025-06-14T22:17:38
ES,+34 65 08 68 50,7,2025-06-14T22:35:55
ES,+34 63 63 34 41,10,2025-06-14T22:42:11
ES,+34 68 73 16 72,16,2025-06-14T22:11:26
ES,+34 65 87 97 06,2,2025-06-14T22:58:27
ES,+34 67 02 15 20,15,2025-06-14T22:34:05
ES,+34 60 54 25 88,5,2025-06-14T22:20:52
ES,+34 64 20 35 11,21,2025-06-14T22:40:38
ES,+34 64 10 47 85,21,2025-06-14T22:53:57
ES,+34 60 50 80 39,24,2025-06-14T22:17:30
ES,+34 63 54 83 11,23,2025-06-14T22:58:45
ES,+34 60 27 61 09,5,2025-06-14T22:24:43
ES,+34 63 66 87 56,1,2025-06-14T23:04:41
ES,+34 65 15 54 88,5,2025-06-14T22:32:38
ES,+34 61 29 49 11,24,2025-06-14T22:10:13
ES,+34 61 13 40 47,10,2025-06-14T22:55:53
ES,+34 66 99 96 17,21,2025-06-14T22:19:01
ES,+34 62 08 67 72,1,2025-06-14T22:23:35
ES,+34 62 56 44 92,7,2025-06-14T22:22:22
ES,+34 62 52 78 87,15,2025-06-14T22:06:32
ES,+34 63 11 12 17,25,2025-06-14T22:56:50
ES,+34 69 93 49 44,14,2025-06-14T22:43:46
ES,+34 62 31 35 82,3,2025-06-14T22:48:18
ES,+34 68 76 76 92,20,2025-06-14T22:45:47
ES,+34 60 84 38 26,17,2025-06-14T22:23:49
ES,+34 68 24 95 50,10,2025-06-14T22:21:08
ES,+34 60 30 63 49,4,2025-06-14T22:48:47
ES,+34 67 81 76 09,17,2025-06-14T23:04:25
ES,+34 65 40 16 49,19,2025-06-14T22:36:31
ES,+34 65 69 87 22,25,2025-06-14T22:33:05
ES,+34 61 02 75 08,1,2025-06-14T22:47:21
ES,+34 63 05 07 50,17,2025-06-14T22:45:41
ES,+34 68 98 53 54,23,2025-06-14T22:37:47
ES,+34 61 81 68 68,20,2025-06-14T22:54:49
ES,+34 64 10 39 10,17,2025-06-14T22:51:22
ES,+34 62 68 41 50,19,2025-06-14T22:21:56
ES,+34 61 39 89 55,24,2025-06-14T22:07:27
ES,+34 63 07 31 11,14,2025-06-14T22:57:19
ES,+34 67 78 77 07,10,2025-06-14T22:19:46
ES,+34 62 15 01 90,5,2025-06-14T22:17:21
ES,+34 60 20 63 44,17,2025-06-14T22:29:56
ES,+34 64 21 47 16,24,2025-06-14T22:11:55
ES,+34 64 93 15 98,1,2025-06-14T22:42:22
ES,+34 66 34 67 08,9,2025-06-14T22:16:37
ES,+34 69 80 09 63,15,2025-06-14T22:30:22
ES,+34 65 07 63 72,6,2025-06-14T22:40:08
ES,+34 62 32 98 13,19,2025-06-14T22:19:13
ES,+34 61 29 94 65,1,2025-06-14T23:02:14
ES,+34 60 31 05 60,12,2025-06-14T22:39:06
ES,+34 62 22 04 70,23,2025-06-14T22:14:41
ES,+34 66 28 41 31,14,2025-06-14T22:16:04
ES,+34 65 34 09 73,12,2025-06-14T22:57:05
ES,+34 68 86 06 22,8,2025-06-14T22:10:20
ES,+34 68 05 51 08,15,2025-06-14T22:06:07
ES,+34 64 99 39 41,3,2025-06-14T22:27:29
ES,+34 67 01 47 25,10,2025-06-14T22:26:45
ES,+34 64 94 79 31,15,2025-06-14T22:40:06
ES,+34 69 63 98 99,7,2025-06-14T22:15:14
ES,+34 68 97 31 19,1,2025-06-14T22:37:15
ES,+34 60 29 69 44,21,2025-06-14T22:07:56
ES,+34 60 42 00 97,22,2025-06-14T22:39:33
ES,+34 64 13 26 67,8,2025-06-14T22:36:35
ES,+34 67 07 18 91,9,2025-06-14T22:58:53
ES,+34 60 29 66 52,23,2025-06-14T22:39:49
ES,+34 67 95 10 74,4,2025-06-14T22:30:44
ES,+34 62 81 50 09,19,2025-06-14T22:26:29
ES,+34 60 55 84 16,8,2025-06-14T22:45:20
ES,+34 64 40 50 89,24,2025-06-14T22:42:58
ES,+34 65 57 34 29,3,2025-06-14T22:51:24
ES,+34 62 99 98 74,4,2025-06-14T22:54:38
ES,+34 61 21 57 59,11,2025-06-14T22:37:29
ES,+34 61 68 45 98,7,2025-06-14T22:34:23
ES,+34 64 59 33 15,3,2025-06-14T22:54:29
ES,+34 64 90 89 77,2,2025-06-14T22:50:34
ES,+34 65 18 11 91,8,2025-06-14T22:40:57
ES,+34 66 65 06 86,10,2025-06-14T22:47:29
ES,+34 62 03 51 57,18,2025-06-14T22:14:10
ES,+34 68 31 12 59,4,2025-06-14T22:10:22
ES,+34 62 15 01 07,25,2025-06-14T22:50:04
ES,+34 62 25 51 47,22,2025-06-14T22:22:13
ES,+34 61 74 75 33,3,2025-06-14T23:03:45
ES,+34 61 25 82 56,5,2025-06-14T22:58:58
ES,+34 65 15 05 59,2,2025-06-14T22:53:46
ES,+34 69 55 92 50,16,2025-06-14T23:03:14
ES,+34 66 87 54 22,12,2025-06-14T22:50:35
ES,+34 62 35 35 57,5,2025-06-14T23:02:53
ES,+34 69 79 78 31,21,2025-06-14T22:45:06
ES,+34 67 52 70 61,2,2025-06-14T22:59:15
ES,+34 64 49 17 53,7,2025-06-14T22:21:22
ES,+34 68 31 80 69,1,2025-06-14T22:39:08
ES,+34 65 61 69 62,12,2025-06-14T22:26:38
ES,+34 68 41 49 34,6,2025-06-14T23:03:28
ES,+34 65 76 28 03,25,2025-06-14T22:46:04
ES,+34 60 60 67 45,25,2025-06-14T22:25:22
ES,+34 63 20 12 31,22,2025-06-14T22:48:47
ES,+34 64 68 94 07,25,2025-06-14T22:50:16
ES,+34 69 49 45 22,6,2025-06-14T22:49:06
ES,+34 69 40 94 89,12,2025-06-14T22:24:51
ES,+34 60 90 89 45,19,2025-06-14T22:26:46
ES,+34 62 72 24 63,18,2025-06-14T22:44:09
ES,+34 62 62 04 11,2,2025-06-14T22:49:22
ES,+34 69 28 02 67,16,2025-06-14T23:05:12
ES,+34 65 78 25 16,11,2025-06-14T22:16:18
ES,+34 62 41 07 02,5,2025-06-14T22:25:12
ES,+34 62 99 14 67,12,2025-06-14T23:00:17
ES,+34 65 90 84 50,19,2025-06-14T22:58:21
ES,+34 65 38 41 17,6,2025-06-14T22:15:15
ES,+34 66 81 62 83,11,2025-06-14T22:53:21
ES,+34 68 88 78 45,8,2025-06-14T22:19:48
ES,+34 69 22 48 39,24,2025-06-14T22:18:14
ES,+34 64 16 22 93,1,2025-06-14T22:17:19
ES,+34 69 50 98 72,2,2025-06-14T22:52:49
ES,+34 69 40 78 28,21,2025-06-14T22:26:38
ES,+34 61 63 18 42,24,2025-06-14T22:59:56
ES,+34 63 44 40 21,21,2025-06-14T22:59:11
ES,+34 65 57 01 33,7,2025-06-14T22:48:12
ES,+34 61 44 32 13,24,2025-06-14T23:05:09
ES,+34 60 49 56 93,14,2025-06-14T22:53:53
ES,+34 66 63 48 44,18,2025-06-14T22:39:37
ES,+34 61 61 73 83,25,2025-06-14T22:18:20
ES,+34 63 20 57 09,2,2025-06-14T22:45:07
ES,+34 60 40 33 13,3,2025-06-14T22:41:54
ES,+34 62 48 20 93,3,2025-06-14T22:27:54
ES,+34 61 43 76 78,16,2025-06-14T22:17:09
ES,+34 60 55 83 21,20,2025-06-14T22:35:36
ES,+34 62 06 12 42,7,2025-06-14T22:52:16
ES,+34 66 89 70 92,24,2025-06-14T22:28:22
ES,+34 64 84 36 38,8,2025-06-14T22:58:42
ES,+34 60 50 73 70,16,2025-06-14T22:54:45
ES,+34 60 46 00 54,3,2025-06-14T22:45:08
ES,+34 69 61 25 12,1,2025-06-14T22:51:07
ES,+34 62 81 37 10,16,2025-06-14T22:07:38
ES,+34 61 39 50 60,16,2025-06-14T22:20:07
ES,+34 64 11 82 69,13,2025-06-14T22:52:37
ES,+34 65 48 47 23,15,2025-06-14T23:02:12
ES,+34 64 56 59 33,8,2025-06-14T22:08:06
ES,+34 64 72 07 19,25,2025-06-14T22:17:42
ES,+34 61 10 85 44,18,2025-06-14T22:36:59
ES,+34 69 29 70 07,13,2025-06-14T22:09:22
ES,+34 68 53 68 87,16,2025-06-14T22:26:09
ES,+34 63 60 38 10,13,2025-06-14T22:06:57
ES,+34 60 64 73 66,19,2025-06-14T22:18:59
ES,+34 69 18 15 96,15,2025-06-14T22:53:26
ES,+34 62 27 24 16,2,2025-06-14T22:36:20
ES,+34 61 87 55 25,21,2025-06-14T22:55:09
ES,+34 69 33 40 93,3,2025-06-14T22:59:18
ES,+34 66 71 50 70,11,2025-06-14T22:06:46
ES,+34 64 66 58 01,23,2025-06-14T22:22:42
ES,+34 69 66 53 14,14,2025-06-14T22:55:02
ES,+34 62 72 75 74,25,2025-06-14T22:58:24
ES,+34 61 72 99 12,10,2025-06-14T22:06:01
ES,+34 68 44 52 33,13,2025-06-14T22:20:32
ES,+34 67 73 77 60,2,2025-06-14T22:53:29
ES,+34 64 51 18 79,20,2025-06-14T22:18:46
ES,+34 66 04 50 42,23,2025-06-14T22:49:01
ES,+34 60 95 60 34,12,2025-06-14T23:03:52
ES,+34 65 38 39 35,16,2025-06-14T22:06:39
ES,+34 61 29 17 38,24,2025-06-14T22:35:00
ES,+34 65 34 93 53,20,2025-06-14T22:21:10
ES,+34 61 24 56 27,14,2025-06-14T22:14:40
ES,+34 67 97 66 47,2,2025-06-14T22:30:04
ES,+34 62 08 39 90,17,2025-06-14T22:37:42
ES,+34 62 99 67 72,1,2025-06-14T22:53:23
ES,+34 63 25 07 31,2,2025-06-14T22:34:05
ES,+34 60 46 90 25,9,2025-06-14T22:40:06
ES,+34 67 64 50 81,4,2025-06-14T22:18:44
ES,+34 60 30 47 62,20,2025-06-14T22:34:47
ES,+34 62 60 75 70,12,2025-06-14T22:41:44
ES,+34 62 33 95 88,3,2025-06-14T22:45:47
ES,+34 60 49 06 20,19,2025-06-14T22:12:00
ES,+34 63 28 82 28,22,2025-06-14T22:51:08
ES,+34 64 83 52 65,1,2025-06-14T22:06:13
ES,+34 60 60 16 82,6,2025-06-14T22:24:12
ES,+34 60 28 32 77,10,2025-06-14T22:16:35
ES,+34 64 54 48 44,15,2025-06-14T22:48:02
ES,+34 63 59 38 86,17,2025-06-14T22:08:58
ES,+34 69 50 74 13,1,2025-06-14T22:30:19
ES,+34 65 71 82 76,20,2025-06-14T22:45:57
ES,+34 64 87 13 61,3,2025-06-14T22:42:17
ES,+34 64 81 41 35,9,2025-06-14T22:20:27
ES,+34 64 24 19 66,25,2025-06-14T22:48:50
ES,+34 60 76 51 84,11,2025-06-14T22:18:46
ES,+34 62 92 03 83,16,2025-06-14T22:45:04
ES,+34 64 53 51 49,24,2025-06-14T23:02:50
ES,+34 69 90 73 24,11,2025-06-14T22:15:39
ES,+34 63 87 68 81,16,2025-06-14T22:19:23
ES,+34 65 64 38 21,22,2025-06-14T22:05:24
ES,+34 68 23 37 12,16,2025-06-14T22:56:30
ES,+34 64 92 71 97,6,2025-06-14T22:18:50
ES,+34 65 83 11 28,12,2025-06-14T22:50:00
ES,+34 64 53 42 47,9,2025-06-14T22:25:16
ES,+34 64 59 15 60,2,2025-06-14T22:06:06
ES,+34 69 74 79 09,16,2025-06-14T22:51:58
ES,+34 68 15 87 48,17,2025-06-14T22:44:52
ES,+34 66 06 19 17,7,2025-06-14T22:41:51
ES,+34 66 72 58 18,11,2025-06-14T22:06:22
ES,+34 62 99 10 62,11,2025-06-14T22:22:10
ES,+34 62 40 81 07,1,2025-06-14T22:34:23
ES,+34 64 26 97 99,6,2025-06-14T22:25:54
ES,+34 62 62 97 99,3,2025-06-14T22:56:24
ES,+34 69 55 81 54,13,2025-06-14T22:35:57
ES,+34 67 49 00 04,18,2025-06-14T22:51:38
ES,+34 65 01 41 96,17,2025-06-14T22:52:14
ES,+34 60 86 00 80,24,2025-06-14T22:48:15
ES,+34 63 88 44 39,5,2025-06-14T22:58:14
ES,+34 66 64 75 39,6,2025-06-14T23:00:47
ES,+34 60 38 37 58,24,2025-06-14T22:29:43
ES,+34 69 67 43 55,22,2025-06-14T22:56:06
ES,+34 65 62 45 96,7,2025-06-14T22:53:59
ES,+34 66 02 29 28,24,2025-06-14T22:56:17
ES,+34 63 93 02 75,17,2025-06-14T22:53:42
ES,+34 61 46 91 83,2,2025-06-14T22:39:38
ES,+34 64 98 68 79,2,2025-06-14T22:24:42
ES,+34 60 84 13 83,1,2025-06-14T23:01:57
ES,+34 61 53 56 48,4,2025-06-14T22:27:53
ES,+34 64 60 89 19,7,2025-06-14T22:17:47
ES,+34 60 38 53 84,4,2025-06-14T22:20:01
ES,+34 68 34 79 77,23,2025-06-14T22:55:53
ES,+34 66 13 65 92,20,2025-06-14T22:57:12
ES,+34 64 14 13 63,7,2025-06-14T22:23:40
ES,+34 63 99 33 66,7,2025-06-14T22:40:48
ES,+34 66 37 20 05,18,2025-06-14T22:31:21
ES,+34 63 88 61 42,8,2025-06-14T23:05:03
ES,+34 60 85 11 14,19,2025-06-14T22:19:34
ES,+34 67 19 11 99,17,2025-06-14T23:00:07
ES,+34 61 32 82 29,15,2025-06-14T22:45:02
ES,+34 64 59 06 12,6,2025-06-14T22:05:34
ES,+34 60 37 46 86,11,2025-06-14T22:36:10
ES,+34 61 12 97 05,1,2025-06-14T22:07:05
ES,+34 62 84 82 21,11,2025-06-14T22:40:50
ES,+34 67 79 34 93,3,2025-06-14T22:39:48
ES,+34 65 23 14 51,13,2025-06-14T22:34:05
ES,+34 64 49 88 61,14,2025-06-14T22:20:57
ES,+34 62 14 16 89,24,2025-06-14T23:01:14
ES,+34 62 13 53 75,16,2025-06-14T22:10:28
ES,+34 69 86 56 23,20,2025-06-14T22:39:19
ES,+34 65 78 03 87,24,2025-06-14T22:56:19
ES,+34 67 62 14 52,15,2025-06-14T23:02:06
ES,+34 61 33 83 40,1,2025-06-14T22:17:09
ES,+34 68 98 95 73,24,2025-06-14T22:26:40
ES,+34 63 85 43 66,17,2025-06-14T22:18:15
ES,+34 69 12 55 84,24,2025-06-14T22:48:16
ES,+34 67 44 84 86,21,2025-06-14T22:38:58
ES,+34 62 71 78 06,1,2025-06-14T22:21:19
ES,+34 62 64 60 63,6,2025-06-14T23:00:08
ES,+34 67 41 30 42,9,2025-06-14T23:01:48
ES,+34 68 28 70 82,13,2025-06-14T22:37:43
ES,+34 63 10 58 56,19,2025-06-14T22:34:39
ES,+34 61 63 57 40,4,2025-06-14T22:31:17
ES,+34 60 13 51 52,2,2025-06-14T22:27:12
ES,+34 68 00 11 77,20,2025-06-14T22:21:43
ES,+34 64 65 71 26,21,2025-06-14T22:19:24
ES,+34 67 43 46 06,8,2025-06-14T22:07:36
ES,+34 67 42 71 98,20,2025-06-14T22:24:17
ES,+34 67 91 84 46,23,2025-06-14T22:34:21
ES,+34 61 12 97 84,8,2025-06-14T23:05:06
ES,+34 65 45 81 37,18,2025-06-14T22:29:36
ES,+34 65 89 13 05,6,2025-06-14T22:31:38
ES,+34 62 91 95 92,14,2025-06-14T22:57:56
ES,+34 64 78 25 24,4,2025-06-14T22:07:04
ES,+34 66 27 58 24,23,2025-06-14T22:42:10
ES,+34 61 96 53 05,21,2025-06-14T22:08:04
ES,+34 69 15 98 57,15,2025-06-14T22:20:17
ES,+34 69 64 17 63,1,2025-06-14T22:29:02
ES,+34 60 70 55 74,16,2025-06-14T22:30:32
ES,+34 62 88 74 22,24,2025-06-14T22:09:35
ES,+34 62 13 49 84,20,2025-06-14T22:23:52
ES,+34 65 64 49 53,20,2025-06-14T22:17:58
ES,+34 63 35 50 43,10,2025-06-14T22:34:20
ES,+34 62 17 52 77,23,2025-06-14T22:14:09
ES,+34 68 38 89 70,11,2025-06-14T22:16:39
ES,+34 68 80 27 25,7,2025-06-14T22:22:38
ES,+34 64 87 44 86,5,2025-06-14T22:16:45
ES,+34 62 64 69 88,21,2025-06-14T22:43:14
ES,+34 61 97 45 71,16,2025-06-14T22:25:27
ES,+34 69 85 90 53,22,2025-06-14T22:14:11
ES,+34 68 36 54 01,17,2025-06-14T22:57:58
ES,+34 60 48 18 06,22,2025-06-14T23:01:23
ES,+34 63 34 96 20,10,2025-06-14T22:18:35
ES,+34 64 18 07 88,10,2025-06-14T22:51:19
ES,+34 68 04 45 57,4,2025-06-14T22:23:11
ES,+34 68 28 95 82,18,2025-06-14T22:38:42
ES,+34 63 65 89 36,23,2025-06-14T22:19:53
ES,+34 60 48 49 53,22,2025-06-14T22:43:54
ES,+34 68 06 01 95,9,2025-06-14T22:51:23
ES,+34 69 99 56 28,21,2025-06-14T22:17:08
ES,+34 65 96 75 69,24,2025-06-14T22:24:03
ES,+34 63 99 92 24,10,2025-06-14T22:34:36
ES,+34 62 87 09 23,6,2025-06-14T22:15:04
ES,+34 68 15 48 05,14,2025-06-14T22:46:11
ES,+34 68 33 16 20,19,2025-06-14T22:07:29
ES,+34 64 00 42 59,23,2025-06-14T22:54:40
ES,+34 60 19 41 76,2,2025-06-14T22:12:26
ES,+34 69 84 38 62,19,2025-06-14T22:27:41
ES,+34 65 09 90 40,17,2025-06-14T22:50:14
ES,+34 62 66 08 64,6,2025-06-14T22:36:51
ES,+34 68 68 51 11,12,2025-06-14T22:50:08
ES,+34 63 84 42 42,12,2025-06-14T22:45:12
ES,+34 63 96 79 67,16,2025-06-14T22:26:55
ES,+34 60 14 85 44,15,2025-06-14T22:48:50
ES,+34 69 79 31 05,22,2025-06-14T22:43:20
ES,+34 66 14 49 32,18,2025-06-14T22:15:49
ES,+34 64 03 66 98,12,2025-06-14T22:30:08
ES,+34 68 57 62 05,10,2025-06-14T22:20:46
ES,+34 63 41 65 10,4,2025-06-14T22:53:49
ES,+34 68 68 00 80,3,2025-06-14T22:50:51
ES,+34 63 87 54 13,7,2025-06-14T22:28:32
ES,+34 66 82 09 95,22,2025-06-14T22:54:45
ES,+34 60 58 91 42,2,2025-06-14T22:59:16
ES,+34 61 06 22 32,18,2025-06-14T23:00:26
ES,+34 69 29 33 52,13,2025-06-14T22:34:27
ES,+34 66 55 40 02,13,2025-06-14T22:19:17
ES,+34 61 68 00 82,24,2025-06-14T22:23:02
ES,+34 61 96 95 74,2,2025-06-14T22:17:24
ES,+34 61 45 64 13,10,2025-06-14T22:11:31
ES,+34 64 77 11 36,25,2025-06-14T22:35:22
ES,+34 66 50 84 03,16,2025-06-14T22:54:34
ES,+34 68 28 17 95,13,2025-06-14T22:10:51
ES,+34 68 37 81 18,10,2025-06-14T22:19:00
ES,+34 65 01 70 71,5,2025-06-14T22:56:50
ES,+34 60 00 73 76,13,2025-06-14T22:28:34
ES,+34 68 10 39 26,24,2025-06-14T22:14:38
ES,+34 65 27 52 82,17,2025-06-14T22:55:31
ES,+34 62 23 28 78,9,2025-06-14T22:51:59
ES,+34 61 23 85 72,2,2025-06-14T22:07:07
ES,+34 68 59 82 70,3,2025-06-14T22:45:24
ES,+34 61 32 12 25,24,2025-06-14T22:25:36
ES,+34 67 42 45 16,22,2025-06-14T22:20:30
ES,+34 63 12 36 79,3,2025-06-14T22:52:02
ES,+34 65 62 57 42,20,2025-06-14T22:20:14
ES,+34 64 88 74 19,19,2025-06-14T22:26:33
ES,+34 65 40 54 21,1,2025-06-14T22:43:52
ES,+34 63 28 91 94,21,2025-06-14T22:35:28
ES,+34 64 46 17 86,24,2025-06-14T22:42:36
ES,+34 67 59 57 45,25,2025-06-14T22:44:23
ES,+34 67 70 13 22,21,2025-06-14T22:23:50
ES,+34 61 35 17 68,7,2025-06-14T22:47:16
ES,+34 61 93 09 02,17,2025-06-14T22:22:07
ES,+34 60 74 74 51,25,2025-06-14T22:24:58
ES,+34 63 04 70 33,18,2025-06-14T22:28:24
ES,+34 67 83 99 19,12,2025-06-14T22:38:27
ES,+34 63 98 75 93,10,2025-06-14T22:56:06
ES,+34 67 64 65 11,13,2025-06-14T22:40:24
ES,+34 68 01 84 30,20,2025-06-14T22:18:32
ES,+34 62 96 65 17,15,2025-06-14T22:54:22
ES,+34 62 72 72 84,5,2025-06-14T22:15:00
ES,+34 67 45 05 28,25,2025-06-14T22:31:57
ES,+34 63 08 33 47,8,2025-06-14T23:02:19
ES,+34 63 66 46 49,16,2025-06-14T22:34:12
ES,+34 60 05 83 41,4,2025-06-14T22:17:12
ES,+34 68 81 35 94,9,2025-06-14T22:25:44
ES,+34 68 72 22 48,21,2025-06-14T22:39:24
ES,+34 65 75 83 09,17,2025-06-14T22:48:04
